0 0.000000000000000 0.000000000000000 5.824451711627383 0.000000000000000
1 -0.405302494077634 -5.824451711627383 0.952732070607151 0.000010958782599
2 -7.291650989520607 -0.507399576529517 314159265358979270000.000000000000000 0.001997991615736
3 -19999999999999997000000000000000.000000000000000 -314159265358979270000.000000000000000 29999999999999994000000000000000.000000000000000 26935149.304571919000000
4 -9999999999999998500000000000000.000000000000000 -9999999999999998500000000000000.000000000000000 29999999999999994000000000000000.000000000000000 4643280.025963311100000
5 -314159265358979270000.000000000000000 -19999999999999997000000000000000.000000000000000 314159265358979270000.000000000000000 0.000213115034596
6 -0.238372466922811 -57173526667.620644000000000 0.463470258282008 0.000037685676491
7 -0.546549834205188 -0.145067791359197 0.546549834205188 0.000000000000000
8 -2.651192530170052 -20319704334.876019000000000 4.056818795255078 0.000018277591816
9 -1.325596265085026 -1.325596265085026 2.731222530170052 0.000046890323754
10 -1.325596265085026 -1.325596265085026 2.731222530170052 0.000069281427341
11 -1.325596265085026 -1.325596265085026 2.731222530170053 0.000086802716780
12 -1.325596265085028 -1.325596265085027 2.731222530170054 0.000100512002059
13 -1.325596265085024 -1.325596265085026 2.731222530170050 0.000111236951390
14 -1.325596265085028 -1.325596265085026 2.731222530170054 0.000119625060487
15 -1.325596265085024 -1.325596265085026 2.731222530170050 0.000126182743138
16 -1.325596265085028 -1.325596265085026 2.731222530170056 0.000131305905268
17 -1.325596265085028 -1.325596265085028 2.731222530170054 0.000135303846632
18 -1.325596265085024 -1.325596265085026 2.731222530170047 0.000138417934343
19 -1.325596265085024 -1.325596265085024 2.731222530170050 0.000140836174657
20 -1.325596265085028 -1.325596265085026 2.731222530170056 0.000142704563553
21 -1.325596265085028 -1.325596265085028 2.731222530170054 0.000144135901009
22 -1.325596265085024 -1.325596265085026 2.731222530170045 0.000145216600902
23 -1.325596265085017 -1.325596265085021 2.731222530170038 0.000146011908148
24 -1.325596265085028 -1.325596265085022 2.731222530170056 0.000146569837676
25 -1.325596265085028 -1.325596265085028 2.731222530170057 0.000146924073334
26 -1.325596265085028 -1.325596265085028 4.056818795255076 0.000147096001255
27 -0.319181169307815 -2.651192530170047 0.319181169307815 0.000000000000000
28 -0.091337520862881 -0.141527902931126 0.222705041725763 0.000060231003124
29 -0.141527902931126 -0.091337520862881 0.283055805862252 0.000000000000000
30 -0.091337520862881 -0.141527902931126 0.222705041725763 0.000102109706233
31 -0.141527902931126 -0.091337520862881 0.141527902931126 0.000000000000000
